4.4 13.0 1665904517.572102
4.3 12.7 1665904518.5750687
4.2 12.8 1665904519.5781004
4.3 12.2 1665904520.5798628
4.3 12.2 1665904521.5822425
4.3 13.0 1665904522.585731
4.3 12.5 1665904523.5894296
4.2 12.4 1665904524.592879
4.3 12.8 1665904525.5964909
4.2 12.4 1665904526.6000683
4.2 12.0 1665904527.6029637
4.2 12.3 1665904528.6056592
4.2 12.0 1665904529.6074178
4.1 11.7 1665904530.6102862
4.1 11.7 1665904531.61384
4.2 12.5 1665904532.6171973
4.2 12.5 1665904533.6206095
4.3 12.5 1665904534.6225014
4.4 12.7 1665904535.6259027
4.4 12.6 1665904536.6293938
4.4 12.4 1665904537.632885
4.5 12.5 1665904538.6366563
4.5 12.8 1665904539.6390967
4.5 12.7 1665904540.642647
4.4 12.7 1665904541.6463556
4.6 12.9 1665904542.6498847
4.6 12.7 1665904543.6534328
4.6 12.7 1665904544.6569083
4.7 13.2 1665904545.6596754
4.7 13.1 1665904546.6630573
4.7 13.5 1665904547.6665835
4.8 13.6 1665904548.6702075
4.9 13.6 1665904549.6736333
4.9 14.0 1665904550.6770177
4.9 13.9 1665904551.6806397
4.7 12.9 1665904552.6842105
4.8 13.6 1665904553.6878583
4.8 13.6 1665904554.691303
4.8 13.1 1665904555.694999
4.8 13.1 1665904556.6986687
4.8 13.1 1665904557.7022429
4.8 13.1 1665904558.7060523
4.8 13.2 1665904559.7096684
4.7 12.9 1665904560.7132053
4.8 13.2 1665904561.7168183
4.7 12.8 1665904562.7204642
4.7 13.1 1665904563.7239304
4.7 13.8 1665904564.7273839
4.7 13.5 1665904565.7311878
4.6 13.2 1665904566.7346258
4.6 13.1 1665904567.7380624
4.6 12.8 1665904568.7418573
4.5 12.5 1665904569.7455754
4.7 13.3 1665904570.7483902
4.8 13.2 1665904571.752191
4.6 13.2 1665904572.7559042
4.7 13.8 1665904573.7595463
4.7 13.7 1665904574.763263
4.8 13.7 1665904575.7666137
4.9 14.5 1665904576.7702324
4.8 14.1 1665904577.7736695
4.8 14.4 1665904578.7772872
4.8 14.5 1665904579.7805936
4.8 14.4 1665904580.784098
4.8 14.5 1665904581.7877886
4.9 14.8 1665904582.7906108
4.8 14.3 1665904583.7942042
4.9 14.2 1665904584.7978914
4.9 14.5 1665904585.8015695
5.0 14.7 1665904586.8053966
5.0 14.5 1665904587.8089244
5.0 14.6 1665904588.812616
5.0 14.6 1665904589.8164308
5.1 14.8 1665904590.8200955
5.1 14.4 1665904591.8235505
5.1 14.3 1665904592.8271632
5.0 13.9 1665904593.8307884
5.0 13.8 1665904594.8344736
4.9 13.5 1665904595.8381777
5.0 13.8 1665904596.842099
4.9 13.6 1665904597.8456676
5.0 14.4 1665904598.849417
5.0 14.7 1665904599.8532088
4.8 14.0 1665904600.856802
4.8 14.0 1665904601.860452
4.8 14.0 1665904602.864079
4.9 13.6 1665904603.8677688
4.8 14.1 1665904604.8714342
4.8 13.9 1665904605.8752089
4.7 13.0 1665904606.8787098
4.7 13.5 1665904607.8824286
4.7 13.3 1665904608.886244
4.6 13.1 1665904609.8896413
4.5 13.6 1665904610.8931632
4.5 13.7 1665904611.896781
4.6 13.6 1665904612.9002311
4.6 13.7 1665904613.9036753
4.7 13.8 1665904614.9072843
4.7 13.9 1665904615.9104671
4.7 13.6 1665904616.9139352
4.7 13.7 1665904617.917535
4.7 13.4 1665904618.9209883
4.7 13.6 1665904619.9245672
4.5 13.4 1665904620.9272003
4.5 13.5 1665904621.9305766
4.5 13.7 1665904622.9339395
4.5 13.8 1665904623.9372976
4.5 13.2 1665904624.9408743
4.5 13.3 1665904625.9437923
4.4 13.0 1665904626.947171
4.5 13.1 1665904627.9505775
4.4 12.6 1665904628.9539573
4.5 12.2 1665904629.9572034
4.5 12.4 1665904630.960601
4.4 12.4 1665904631.9638608
4.4 12.2 1665904632.9672077
4.3 12.2 1665904633.970654
4.3 11.8 1665904634.9740298
4.2 11.5 1665904635.9773777
4.3 11.9 1665904636.9802852
4.3 11.4 1665904637.9837127
4.3 11.5 1665904638.987349
4.4 12.2 1665904639.9908721
4.4 11.3 1665904640.994248
4.4 11.6 1665904641.9978254
4.4 11.9 1665904643.0013535
4.4 11.7 1665904644.004991
4.3 11.7 1665904645.007459
4.2 11.3 1665904646.0109797
4.2 12.2 1665904647.0145376
4.2 13.1 1665904648.0180867
4.3 13.4 1665904649.0217104
4.3 13.6 1665904650.025266
4.4 13.9 1665904651.0289726
4.5 14.8 1665904652.03267
4.5 14.8 1665904653.0362973
4.6 15.1 1665904654.039795
4.7 15.5 1665904655.0433176
4.7 15.6 1665904656.0468602
4.8 15.6 1665904657.0505188
4.7 15.9 1665904658.0542352
4.7 16.1 1665904659.0577989
4.8 16.5 1665904660.061328
4.8 16.1 1665904661.0645866
4.8 15.9 1665904662.0737722
4.8 15.9 1665904663.077307
4.8 15.8 1665904664.080839
4.9 15.7 1665904665.084389
4.9 16.1 1665904666.0882287
4.8 15.7 1665904667.092127
4.9 15.9 1665904668.095763
4.9 15.8 1665904669.0993822
5.0 15.5 1665904670.1027799
4.9 15.4 1665904671.1062646
5.0 15.1 1665904672.1096947
5.0 14.8 1665904673.113149
5.0 14.8 1665904674.116623
5.0 14.6 1665904675.1203153
5.0 14.8 1665904676.1235542
4.9 14.2 1665904677.1270463
4.9 13.5 1665904678.1304553
4.8 13.1 1665904679.1337743
4.9 13.7 1665904680.1371503
4.9 13.6 1665904681.1406696
4.8 12.7 1665904682.1438973
4.8 12.5 1665904683.147276
4.8 12.8 1665904684.1508057
4.9 12.8 1665904685.153957
4.9 12.8 1665904686.1573763
4.9 13.1 1665904687.1609066
5.0 12.7 1665904688.1641212
4.9 12.4 1665904689.1675057
4.8 12.1 1665904690.1701725
4.8 12.2 1665904691.1733124
4.8 12.2 1665904692.1767366
4.9 12.7 1665904693.1803305
5.0 12.9 1665904694.1839302
4.9 13.1 1665904695.1877053
4.9 12.7 1665904696.191246
5.0 13.3 1665904697.1948998
5.1 14.1 1665904698.198604
5.0 14.0 1665904699.2022715
5.0 13.8 1665904700.2059035
5.0 14.1 1665904701.209521
4.9 13.9 1665904702.2132087
4.9 14.7 1665904703.2167504
4.9 14.6 1665904704.2202716
4.9 14.6 1665904705.223833
4.9 14.8 1665904706.227264
4.9 14.4 1665904707.230976
4.9 14.2 1665904708.2345421
5.0 14.5 1665904709.2381492
5.0 13.9 1665904710.2415962
5.0 14.5 1665904711.2452986
4.9 14.6 1665904712.248703
4.9 14.6 1665904713.252166
4.9 13.9 1665904714.2559347
4.8 13.5 1665904715.2597582
4.7 13.4 1665904716.2632184
4.7 13.2 1665904717.266753
4.7 13.8 1665904718.2703094
4.6 13.6 1665904719.2736804
4.7 13.4 1665904720.2773035
4.7 13.5 1665904721.280944
4.8 13.6 1665904722.2844565
4.8 13.8 1665904723.2879875
4.8 13.4 1665904724.2913516
4.8 14.1 1665904725.2947168
4.8 14.2 1665904726.298363
4.7 13.8 1665904727.3021173
4.7 12.9 1665904728.3055668
4.7 13.2 1665904729.3092115
4.6 13.3 1665904730.3125157
4.7 13.3 1665904731.3160787
4.8 13.4 1665904732.319724
4.8 12.4 1665904733.323291
4.7 12.4 1665904734.3266313
4.7 12.3 1665904735.330152
4.8 14.6 1665904736.3338673
4.8 14.7 1665904737.337256
4.9 14.8 1665904738.3407857
4.9 14.5 1665904739.3438532
4.9 14.1 1665904740.3472095
5.0 13.6 1665904741.3507712
5.0 13.4 1665904742.3541088
4.9 13.2 1665904743.3574739
4.9 13.7 1665904744.361006
4.9 13.9 1665904745.3643756
5.0 14.0 1665904746.3680077
5.0 14.0 1665904747.3716555
5.0 13.7 1665904748.375335
5.1 14.1 1665904749.3789673
5.1 14.1 1665904750.3826294
5.0 14.1 1665904751.3863635
5.0 14.2 1665904752.3900075
4.9 13.7 1665904753.3935454
4.9 13.9 1665904754.3970823
4.9 13.3 1665904755.4006102
5.0 13.6 1665904756.4041348
5.0 13.7 1665904757.4076736
4.9 14.3 1665904758.4113464
4.9 14.4 1665904759.414989
4.9 14.4 1665904760.4186814
4.8 14.4 1665904761.4221048
4.8 14.4 1665904762.425739
4.9 14.7 1665904763.4290898
5.0 15.5 1665904764.4325824
5.1 15.5 1665904765.436241
5.0 13.0 1665904766.4399638
5.2 13.8 1665904767.443402
5.1 14.0 1665904768.446905
5.2 14.5 1665904769.4504223
5.1 14.4 1665904770.4539537
5.0 14.2 1665904771.4575076
5.1 14.7 1665904772.460827
5.2 14.9 1665904773.4642107
5.1 14.3 1665904774.4677532
5.1 14.6 1665904775.4713025
5.2 14.7 1665904776.4739864
5.3 17.2 1665904777.4773874
5.2 17.0 1665904778.480605
5.2 16.9 1665904779.4839675
5.3 17.0 1665904780.4874775
5.3 16.8 1665904781.490594
5.3 16.7 1665904782.4940026
5.3 16.9 1665904783.4975693
5.3 16.8 1665904784.499916
5.3 18.0 1665904785.503196
5.2 17.9 1665904786.5067503
5.2 17.7 1665904787.510322
5.2 17.1 1665904788.51376
5.2 16.6 1665904789.5174756
5.2 16.5 1665904790.5210779
5.2 16.3 1665904791.5244327
5.2 16.4 1665904792.5279868
5.1 16.1 1665904793.5306957
5.1 15.8 1665904794.5343714
5.0 16.5 1665904795.5379968
5.0 16.5 1665904796.5417166
4.7 16.0 1665904797.5456927
4.7 15.6 1665904798.5493083
4.8 15.4 1665904799.552972
4.8 15.6 1665904800.5566158
4.8 15.5 1665904801.5601647
4.7 15.1 1665904802.5637152
4.7 15.0 1665904803.5673232
4.7 15.1 1665904804.5709789
4.6 14.7 1665904805.574501
4.6 14.4 1665904806.5780244
4.5 11.9 1665904807.5816894
4.5 12.0 1665904808.5854862
4.5 12.1 1665904809.5893111
4.4 12.0 1665904810.593056
4.4 12.0 1665904811.5967221
4.4 11.9 1665904812.600255
4.3 11.7 1665904813.6038613
4.3 11.6 1665904814.6075392
4.3 10.9 1665904815.6109543
4.4 11.0 1665904816.6144795
4.5 11.3 1665904817.6177564
4.5 12.0 1665904818.6211011
4.4 12.1 1665904819.6246293
4.4 12.1 1665904820.6279788
4.5 12.3 1665904821.631347
4.5 14.4 1665904822.6352053
4.4 14.5 1665904823.6385598
4.4 14.4 1665904824.6420166
4.4 13.8 1665904825.645653
4.5 14.2 1665904826.6493826
4.6 13.8 1665904827.652924
4.6 13.9 1665904828.6565428
4.5 13.8 1665904829.659877
4.6 13.9 1665904830.6632528
4.7 14.5 1665904831.6667924
4.8 14.5 1665904832.6703331
4.8 15.2 1665904833.6737273
4.8 15.5 1665904834.677275
4.8 15.9 1665904835.6794167
4.8 15.9 1665904836.682986
4.7 16.0 1665904837.6865902
4.7 15.6 1665904838.6901126
4.7 15.5 1665904839.6934762
4.6 15.8 1665904840.6962557
4.6 15.7 1665904841.6991408
4.6 15.9 1665904842.7024055
4.7 16.1 1665904843.7060313
4.7 16.2 1665904844.7093992
4.6 15.6 1665904845.7125657
4.5 15.1 1665904846.7158465
4.5 15.2 1665904847.7195737
4.5 15.5 1665904848.7232502
4.6 15.8 1665904849.7269456
4.6 16.0 1665904850.730456
4.6 15.8 1665904851.7339873
4.6 13.4 1665904852.7375329
4.6 13.4 1665904853.7410681
4.5 13.1 1665904854.7446027
4.5 12.8 1665904855.7482147
4.4 12.5 1665904856.7518194
4.4 12.4 1665904857.7540462
4.3 12.4 1665904858.7576008
4.3 12.4 1665904859.7611082
4.3 12.6 1665904860.7646408
4.2 12.5 1665904861.7682824
4.2 13.1 1665904862.7720942
4.1 12.4 1665904863.7757325
4.1 12.1 1665904864.779338
4.1 11.7 1665904865.7828953
4.2 12.2 1665904866.7863765
4.3 12.1 1665904867.7899344
4.3 12.2 1665904868.79359
4.3 12.0 1665904869.7972634
4.3 11.9 1665904870.800781
4.4 12.0 1665904871.8043082
4.6 12.2 1665904872.8078387
4.6 12.5 1665904873.8113968
4.6 12.4 1665904874.8150127
4.7 12.7 1665904875.8188348
4.6 12.5 1665904876.8224533
4.6 12.2 1665904877.8260543
4.6 11.0 1665904878.8296323
4.5 10.8 1665904879.833255
4.5 10.6 1665904880.8368478
4.5 10.7 1665904881.8405466
4.4 10.5 1665904882.8440635
4.4 10.7 1665904883.84759
4.6 11.0 1665904884.8505476
4.6 11.4 1665904885.853842
4.6 11.9 1665904886.8574634
4.6 11.8 1665904887.8609786
4.7 12.3 1665904888.8645012
4.7 12.4 1665904889.8680277
4.8 12.2 1665904890.871632
4.7 11.7 1665904891.875479
4.6 11.1 1665904892.8792453
4.6 11.3 1665904893.8828654
4.6 11.3 1665904894.8864496
4.6 11.5 1665904895.8899837
4.6 11.1 1665904896.8935351
4.4 11.0 1665904897.8971806
4.4 10.9 1665904898.9004629
4.7 12.0 1665904899.9039412
4.7 12.1 1665904900.9074821
4.7 12.2 1665904901.9110103
4.4 11.6 1665904902.9136405
4.4 11.3 1665904903.9172554
4.4 11.3 1665904904.920732
4.5 11.2 1665904905.9243927
4.5 11.3 1665904906.927136
4.6 12.3 1665904907.9305046
4.6 12.4 1665904908.933881
4.6 12.2 1665904909.9374714
4.7 12.9 1665904910.9411445
4.7 12.9 1665904911.94376
4.7 13.1 1665904912.9470956
4.7 12.9 1665904913.9506419
4.7 13.0 1665904914.9539638
4.8 12.7 1665904915.9573586
4.8 12.1 1665904916.960606
4.8 12.1 1665904917.9641454
4.8 12.1 1665904918.9674757
4.8 12.1 1665904919.9710097
4.7 12.0 1665904920.974541
4.8 12.2 1665904921.9780474
4.8 12.2 1665904922.9816964
4.8 12.1 1665904923.9853733
4.9 12.1 1665904924.9889636
4.8 11.8 1665904925.992168
4.9 12.0 1665904926.995601
4.9 12.1 1665904927.9989457
5.0 12.6 1665904929.0020278
4.6 11.4 1665904930.0054882
4.7 11.2 1665904931.007665
4.6 11.0 1665904932.011022
4.7 11.2 1665904933.0139468
4.7 11.2 1665904934.0167477
4.8 11.6 1665904935.019641
4.7 11.5 1665904936.0228798
4.7 11.7 1665904937.026487
4.6 10.9 1665904938.0299072
4.6 11.1 1665904939.0325792
4.7 11.2 1665904940.0360272
4.6 10.5 1665904941.0395942
4.6 10.5 1665904942.0432117
4.6 10.9 1665904943.0467427
4.7 11.0 1665904944.0502734
4.6 10.7 1665904945.0538251
4.6 10.9 1665904946.0574536
4.6 11.4 1665904947.060992
4.6 11.5 1665904948.064149
4.6 11.6 1665904949.0678055
4.6 11.6 1665904950.0711825
4.5 11.4 1665904951.0746887
4.6 11.6 1665904952.077181
4.6 11.6 1665904953.0796297
4.5 11.7 1665904954.0829785
4.5 11.7 1665904955.086624
4.5 11.7 1665904956.0901682
4.4 11.4 1665904957.0935543
4.4 11.5 1665904958.0970852
4.4 11.4 1665904959.1003597
4.4 11.5 1665904960.103879
4.4 11.5 1665904961.1074228
4.4 11.8 1665904962.111166
4.5 11.9 1665904963.1148927
4.4 12.2 1665904964.1186259
4.5 12.2 1665904965.1222239
4.6 12.0 1665904966.125862
4.6 12.3 1665904967.1293452
4.6 12.2 1665904968.1330538
4.6 11.9 1665904969.136657
4.6 12.6 1665904970.1402
4.6 12.7 1665904971.1437273
4.5 13.1 1665904972.1472273
4.6 13.3 1665904973.1508365
4.6 13.5 1665904974.154399
4.6 13.4 1665904975.1580393
4.5 13.2 1665904976.160544
4.5 12.6 1665904977.1640937
4.4 12.9 1665904978.1676407
4.4 12.6 1665904979.171235
4.4 12.4 1665904980.1751897
4.5 13.0 1665904981.1787083
4.6 13.3 1665904982.1823444
4.7 14.0 1665904983.1859999
4.7 13.9 1665904984.1896033
4.7 13.7 1665904985.1933928
4.7 14.2 1665904986.196926
4.7 14.5 1665904987.2004766
4.8 14.3 1665904988.20403
4.9 14.1 1665904989.207594
4.9 14.3 1665904990.2111444
4.9 14.5 1665904991.2148097
4.8 14.4 1665904992.2185872
4.8 14.3 1665904993.2221675
4.9 14.1 1665904994.2258217
4.6 13.7 1665904995.2294545
4.6 13.7 1665904996.2331285
4.6 13.4 1665904997.236829
4.6 13.9 1665904998.2403536
4.6 13.9 1665904999.2438953
4.6 13.1 1665905000.2474444
4.7 13.2 1665905001.2509835
4.6 13.1 1665905002.2545698
4.5 13.0 1665905003.2585125
4.5 12.9 1665905004.26227
4.5 13.0 1665905005.2659247
4.6 13.5 1665905006.2695735
4.6 13.7 1665905007.2732441
4.6 13.2 1665905008.2768059
4.6 13.0 1665905009.2803535
4.5 12.8 1665905010.2838857
4.5 12.5 1665905011.287431
4.4 12.3 1665905012.2909887
4.4 12.5 1665905013.2945385
4.5 13.3 1665905014.2985163
4.5 14.0 1665905015.3021646
4.5 13.6 1665905016.305775
4.7 14.1 1665905017.3094518
4.6 14.7 1665905018.3132067
4.9 17.2 1665905019.3167899
4.9 16.9 1665905020.3203769
4.9 17.6 1665905021.323945
4.9 17.5 1665905022.327465
4.9 17.5 1665905023.3309915
4.8 17.6 1665905024.3345556
4.9 17.9 1665905025.338503
4.8 17.8 1665905026.3421688
4.8 17.6 1665905027.3458302
4.8 17.0 1665905028.349474
4.9 17.5 1665905029.3531976
5.0 17.7 1665905030.3567538
4.9 18.0 1665905031.3603141
5.0 17.7 1665905032.363757
5.0 17.0 1665905033.3672824
5.0 17.0 1665905034.370822
4.9 16.8 1665905035.3743665
4.9 16.3 1665905036.3779564
4.9 16.7 1665905037.381839
4.9 16.7 1665905038.3854501
4.9 16.9 1665905039.3890636
5.0 17.4 1665905040.3927114
5.0 17.6 1665905041.3964157
5.0 17.3 1665905042.400109
5.0 16.6 1665905043.403648
5.0 15.9 1665905044.40719
5.0 15.4 1665905045.4107213
5.0 15.3 1665905046.414265
5.0 14.8 1665905047.4178278
4.9 14.1 1665905048.421487
4.5 11.7 1665905049.4252405
4.6 11.8 1665905050.4288604
4.6 11.0 1665905051.4325113
4.6 10.8 1665905052.4361517
4.6 10.9 1665905053.439559
4.6 10.7 1665905054.4431224
4.5 10.6 1665905055.4468002
4.5 10.9 1665905056.4503384
4.6 11.2 1665905057.4538705
4.7 11.5 1665905058.4574032
4.6 10.9 1665905059.4609644
4.6 10.6 1665905060.4645543
4.6 10.3 1665905061.4682572
4.6 10.4 1665905062.4719784
4.6 10.4 1665905063.4755816
4.6 10.3 1665905064.4792087
4.6 10.4 1665905065.4827194
4.6 10.6 1665905066.4863904
4.6 10.5 1665905067.4901032
4.7 11.0 1665905068.493627
4.6 10.8 1665905069.4971547
4.6 10.6 1665905070.5006921
4.5 10.2 1665905071.5042634
4.5 10.2 1665905072.5078218
4.4 10.4 1665905073.511439
4.5 11.1 1665905074.5153449
4.5 11.2 1665905075.5189998
4.5 11.5 1665905076.5226347
4.5 11.3 1665905077.5263176
4.5 11.5 1665905078.5300865
4.6 11.5 1665905079.5336232
4.5 11.4 1665905080.5371642
4.5 11.5 1665905081.5413184
4.5 11.5 1665905082.5448158
4.5 11.6 1665905083.5485423
4.5 12.0 1665905084.5521574
4.6 12.9 1665905085.5557714
4.5 12.6 1665905086.5593748
4.5 12.9 1665905087.5630999
4.5 13.2 1665905088.5663717
4.5 13.4 1665905089.5700796
4.5 13.4 1665905090.5736132
4.4 13.4 1665905091.5771532
4.4 13.3 1665905092.5804374
4.3 13.1 1665905093.5838313
4.4 13.2 1665905094.5874093
4.4 13.2 1665905095.5909612
4.4 13.4 1665905096.5945039
4.3 13.0 1665905097.598102
4.3 12.9 1665905098.6019552
4.3 12.8 1665905099.605591
4.3 13.4 1665905100.609282
4.5 15.0 1665905101.612919
4.4 14.8 1665905102.61663
4.5 15.3 1665905103.620219
4.4 14.8 1665905104.6237571
4.5 14.9 1665905105.6266143
4.5 14.7 1665905106.630326
4.5 15.0 1665905107.633851
4.6 16.1 1665905108.6373842
4.5 15.9 1665905109.6407394
4.6 16.2 1665905110.6443326
4.8 18.1 1665905111.6478662
4.7 18.1 1665905112.6499727
4.7 18.2 1665905113.6536124
4.8 18.9 1665905114.6573145
4.8 17.9 1665905115.6606927
4.8 18.0 1665905116.664218
4.8 17.8 1665905117.6672583
4.8 17.7 1665905118.6708097
4.9 17.9 1665905119.6743467
4.9 17.9 1665905120.6778817
4.9 18.0 1665905121.6815162
4.9 18.2 1665905122.6852455
4.9 18.4 1665905123.6890638
4.9 18.3 1665905124.692735
4.9 19.1 1665905125.6963663
4.9 18.7 1665905126.6999264
4.9 19.0 1665905127.7034912
4.9 18.8 1665905128.7071238
4.9 18.9 1665905129.7107437
4.9 18.6 1665905130.71429
4.8 17.1 1665905131.7178235
4.8 17.2 1665905132.721376
4.8 16.4 1665905133.723411
4.7 16.5 1665905134.7266138
4.8 16.5 1665905135.7301612
4.8 16.5 1665905136.7335293
4.9 16.4 1665905137.7354834
4.8 15.5 1665905138.7372546
4.9 16.0 1665905139.7392862
4.9 15.7 1665905140.7426322
4.8 13.8 1665905141.7460043
4.8 13.8 1665905142.7494917
4.8 13.5 1665905143.7531598
4.6 12.8 1665905144.756783
4.7 12.9 1665905145.760265
4.6 12.9 1665905146.7637794
4.6 12.4 1665905147.7673113
4.6 12.1 1665905148.7706985
4.5 11.6 1665905149.7742028
4.6 11.8 1665905150.7762787
4.6 11.7 1665905151.7795343
4.7 11.7 1665905152.7829688
4.7 11.6 1665905153.7865841
4.7 11.8 1665905154.7899458
4.7 10.9 1665905155.7935183
4.9 11.3 1665905156.7973444
4.9 11.5 1665905157.8007054
4.9 11.9 1665905158.8042285
4.9 12.1 1665905159.8077042
5.3 12.7 1665905160.810522
5.3 12.7 1665905161.813993
5.2 13.1 1665905162.8175528
5.2 13.6 1665905163.8209205
5.2 13.6 1665905164.8227909
5.0 13.1 1665905165.8258524
5.0 13.3 1665905166.8295646
4.9 13.1 1665905167.8332407
4.8 12.7 1665905168.836852
4.8 12.4 1665905169.8403995
4.8 12.6 1665905170.8439565
4.7 13.1 1665905171.847339
4.7 13.2 1665905172.8507771
4.8 13.2 1665905173.8545334
4.8 13.2 1665905174.857623
4.9 13.6 1665905175.8611479
5.0 14.1 1665905176.8646731
5.1 14.1 1665905177.8670998
5.0 14.5 1665905178.8704863
5.1 14.9 1665905179.8740578
5.1 14.8 1665905180.8773947
5.0 14.7 1665905181.8807662
5.1 15.1 1665905182.8843014
5.0 15.1 1665905183.8878438
5.1 15.1 1665905184.8912637
5.2 15.5 1665905185.8951051
5.0 15.3 1665905186.898231
5.1 15.1 1665905187.901844
5.0 15.5 1665905188.9052508
5.0 15.1 1665905189.9088826
4.6 14.5 1665905190.912374
4.6 14.5 1665905191.9158359
4.7 14.5 1665905192.9192562
4.7 13.8 1665905193.9228528
4.7 13.6 1665905194.9254644
4.7 14.1 1665905195.9288123
4.7 13.9 1665905196.9324467
4.7 14.0 1665905197.9360669
4.7 14.4 1665905198.9394526
4.8 14.4 1665905199.9430358
4.8 14.4 1665905200.9465375
4.8 14.6 1665905201.9501593
4.8 14.6 1665905202.953767
4.8 14.6 1665905203.9573185
4.7 14.3 1665905204.9605877
4.6 13.8 1665905205.9639385
4.5 13.8 1665905206.9674568
4.5 14.4 1665905207.9708014
4.5 14.8 1665905208.9743576
4.5 14.4 1665905209.977842
4.5 14.4 1665905210.9811888
4.6 14.6 1665905211.9845583
4.4 14.7 1665905212.987894
4.5 14.9 1665905213.9912379
4.4 14.9 1665905214.9946282
4.4 14.9 1665905215.9982548
4.4 14.8 1665905217.001772
4.4 14.5 1665905218.0054595
4.3 13.5 1665905219.008939
4.3 13.6 1665905220.0113251
4.3 13.3 1665905221.014504
4.3 13.3 1665905222.0171123
4.3 13.2 1665905223.0205278
4.4 13.5 1665905224.0240328
4.4 13.5 1665905225.0266967
4.4 13.2 1665905226.0301452
4.5 13.8 1665905227.0337882
4.5 13.8 1665905228.037061
4.6 13.8 1665905229.0404298
4.6 14.0 1665905230.043979
4.6 14.1 1665905231.0470712
4.7 13.9 1665905232.0504477
4.8 13.8 1665905233.0540018
4.8 13.7 1665905234.0575793
4.8 13.7 1665905235.0610054
4.8 14.7 1665905236.0646312
4.8 14.1 1665905237.0680761
4.8 14.4 1665905238.0717947
4.7 13.9 1665905239.0754507
4.7 14.1 1665905240.0791106
4.7 14.8 1665905241.082735
4.6 14.7 1665905242.0864363
4.6 13.9 1665905243.09
4.6 13.9 1665905244.0935855
4.7 13.9 1665905245.0971386
4.6 13.5 1665905246.1005325
4.7 13.5 1665905247.1040826
4.6 13.8 1665905248.107623
4.7 13.9 1665905249.1111639
4.6 14.3 1665905250.1140766
4.6 14.3 1665905251.1172886
4.6 14.4 1665905252.1208382
4.5 14.3 1665905253.1243887
4.5 14.1 1665905254.1281476
4.5 14.7 1665905255.1305044
4.4 14.4 1665905256.1340482
4.7 15.3 1665905257.137585
4.7 15.5 1665905258.141159
4.8 15.6 1665905259.1448736
4.8 15.9 1665905260.1487556
4.8 15.8 1665905261.1523519
4.8 15.4 1665905262.1559558
4.8 15.6 1665905263.15959
4.7 15.7 1665905264.1631775
4.7 15.5 1665905265.166796
4.6 14.3 1665905266.1704082
4.7 14.8 1665905267.173957
4.7 14.0 1665905268.1775124
4.6 13.7 1665905269.1810215
4.7 13.5 1665905270.1845357
4.7 12.8 1665905271.1880677
4.8 12.8 1665905272.1918507
4.8 13.1 1665905273.1955535
4.8 13.1 1665905274.1992161
4.8 13.1 1665905275.2028434
4.8 13.6 1665905276.2064624
4.7 13.6 1665905277.2100883
4.8 13.9 1665905278.2137537
4.8 14.0 1665905279.217268
4.8 14.7 1665905280.2208064
4.9 15.1 1665905281.2238646
4.9 15.5 1665905282.2273982
4.9 15.6 1665905283.2309165
5.0 15.7 1665905284.2344518
5.0 16.7 1665905285.2379816
5.1 17.0 1665905286.2416077
4.7 15.6 1665905287.2454424
4.7 15.4 1665905288.248987
4.7 15.5 1665905289.252629
4.6 15.3 1665905290.256269
4.6 15.2 1665905291.259879
4.6 15.2 1665905292.2634966
4.6 14.9 1665905293.2672052
4.6 15.0 1665905294.2707376
4.8 15.7 1665905295.27394
4.8 16.5 1665905296.2774596
4.8 16.1 1665905297.280994
4.8 16.1 1665905298.284527
4.8 16.3 1665905299.2878923
4.8 16.2 1665905300.2910259
4.8 16.3 1665905301.294652
4.8 16.3 1665905302.2980127
4.8 16.3 1665905303.3014796
4.7 16.4 1665905304.3049555
4.7 16.2 1665905305.3085008
4.7 15.8 1665905306.31196
4.7 16.1 1665905307.3154235
4.6 15.5 1665905308.3189094
4.6 15.6 1665905309.3224747
4.6 14.3 1665905310.3260376
4.5 14.1 1665905311.3296368
4.5 13.5 1665905312.3330796
4.5 13.2 1665905313.336505
4.4 12.9 1665905314.3399343
4.5 11.6 1665905315.3433013
4.5 11.9 1665905316.346672
4.5 11.9 1665905317.3500385
4.4 11.7 1665905318.3535511
4.4 11.5 1665905319.356905
4.3 11.3 1665905320.3603027
4.3 11.5 1665905321.3638618
4.2 11.2 1665905322.3672366
4.2 11.2 1665905323.3705978
4.3 11.2 1665905324.3737185
4.3 11.0 1665905325.3772497
4.2 10.2 1665905326.3811038
4.2 10.4 1665905327.3846393
4.2 10.5 1665905328.3882368
4.1 10.4 1665905329.391574
4.2 10.6 1665905330.3949885
4.2 11.0 1665905331.3986857
4.2 11.3 1665905332.402281
4.3 11.2 1665905333.4057512
4.3 11.1 1665905334.409208
4.3 11.1 1665905335.4127755
4.3 11.4 1665905336.4163063
4.3 11.0 1665905337.4198928
4.3 11.0 1665905338.4234319
4.3 10.9 1665905339.4269757
4.3 10.8 1665905340.4303358
4.3 11.0 1665905341.433838
4.3 11.2 1665905342.4373837
4.3 11.4 1665905343.4407494
4.3 11.5 1665905344.4440892
4.2 11.5 1665905345.4476547
4.3 11.4 1665905346.4509916
4.2 11.8 1665905347.4543254
4.4 12.2 1665905348.4578433
4.4 12.2 1665905349.4614732
4.5 12.2 1665905350.4651766
4.6 12.6 1665905351.4688284
4.7 12.7 1665905352.472509
4.8 13.0 1665905353.4759412
4.8 14.2 1665905354.4795752
4.8 14.2 1665905355.483218
4.8 14.4 1665905356.4867682
4.9 14.6 1665905357.4901311
4.9 15.2 1665905358.4936442
4.9 15.3 1665905359.497142
4.8 15.3 1665905360.5001566
4.8 14.9 1665905361.503608
4.7 14.6 1665905362.5071282
4.6 14.5 1665905363.5103636
4.5 14.7 1665905364.5137236
4.5 14.9 1665905365.517246
4.5 14.6 1665905366.5204906
4.6 14.7 1665905367.5238543
4.6 14.7 1665905368.527379
4.7 14.8 1665905369.5308843
4.7 15.1 1665905370.5342088
4.7 14.8 1665905371.5377371
4.7 14.7 1665905372.5405614
4.7 14.8 1665905373.5440369
4.7 14.8 1665905374.547576
4.7 15.6 1665905375.5504775
4.7 15.1 1665905376.553347
4.8 15.2 1665905377.5567076
4.8 14.9 1665905378.559938
4.7 14.8 1665905379.5633454
4.7 14.9 1665905380.5668697
4.5 14.3 1665905381.5704079
4.6 14.3 1665905382.5738022
4.6 14.4 1665905383.577299
4.4 13.0 1665905384.5804024
4.5 13.0 1665905385.583826
4.4 13.1 1665905386.587348
4.4 12.8 1665905387.5909827
4.4 12.1 1665905388.5945427
4.5 12.0 1665905389.5970697
4.5 11.9 1665905390.5996766
4.5 11.9 1665905391.6030338
4.5 11.7 1665905392.606598
4.6 11.9 1665905393.6101925
4.6 11.5 1665905394.6137068
4.7 11.5 1665905395.6172428
4.8 11.5 1665905396.6207871
4.7 12.1 1665905397.624358
4.6 12.1 1665905398.6279757
4.6 11.9 1665905399.631646
4.6 11.6 1665905400.6353664
4.6 12.4 1665905401.6389868
4.5 12.3 1665905402.6426537
4.5 11.9 1665905403.6464295
4.4 11.8 1665905404.6499734
4.4 11.0 1665905405.6535027
4.5 11.1 1665905406.6571004
4.4 11.2 1665905407.6609995
4.4 11.2 1665905408.6646776
4.4 11.1 1665905409.6686814
4.4 10.8 1665905410.6722786
4.4 11.1 1665905411.6757183
4.4 11.2 1665905412.6792097
4.3 11.0 1665905413.6829722
4.3 11.0 1665905414.6863253
4.3 10.9 1665905415.6899734
4.4 10.8 1665905416.6935196
4.4 10.9 1665905417.6966743
4.4 11.0 1665905418.7000573
4.4 10.9 1665905419.7035866
4.3 11.1 1665905420.7072058
4.4 11.5 1665905421.7106109
4.4 11.7 1665905422.7141633
4.4 11.6 1665905423.717044
4.5 12.1 1665905424.7204096
4.4 11.8 1665905425.723942
4.3 12.3 1665905426.7266486
4.3 11.5 1665905427.7303631
4.3 11.5 1665905428.7339134
4.5 11.7 1665905429.7370987
4.6 11.9 1665905430.7404687
4.6 11.0 1665905431.7440097
4.6 11.3 1665905432.747558
4.7 12.2 1665905433.750928
4.8 12.3 1665905434.7544653
4.7 12.3 1665905435.7580163
4.7 12.4 1665905436.7615135
4.7 11.7 1665905437.765215
4.6 12.0 1665905438.7685423
4.6 11.9 1665905439.771533
4.6 12.9 1665905440.7747262
4.6 12.7 1665905441.777085
4.6 12.9 1665905442.7804332
4.6 12.8 1665905443.7835488
4.6 13.0 1665905444.7867591
4.7 13.6 1665905445.790272
4.6 13.3 1665905446.7938225
4.6 13.8 1665905447.7969291
4.5 13.7 1665905448.8003242
4.5 14.2 1665905449.8039005
4.5 14.0 1665905450.807527
4.4 13.8 1665905451.8112147
4.4 13.6 1665905452.8148174
4.4 13.4 1665905453.8185363
4.3 13.4 1665905454.822208
4.3 13.3 1665905455.8259542
4.4 12.9 1665905456.82963
4.5 13.2 1665905457.831661
4.5 13.4 1665905458.8336985
4.4 13.3 1665905459.8372378
4.3 13.1 1665905460.840782
4.4 13.5 1665905461.8443356
4.4 13.6 1665905462.847957
4.3 12.6 1665905463.8516521
4.3 12.6 1665905464.8553474
4.4 12.7 1665905465.858918
4.4 12.5 1665905466.8625817
4.4 12.5 1665905467.8663244
4.5 12.4 1665905468.869992
4.5 12.4 1665905469.8735025
4.4 11.4 1665905470.877021
4.4 11.2 1665905471.8803859
4.4 11.4 1665905472.8837705
4.4 11.5 1665905473.8871481
4.5 11.7 1665905474.8906825
4.4 10.9 1665905475.8941138
4.4 11.1 1665905476.8976786
4.4 10.4 1665905477.8999987
4.4 10.8 1665905478.902785
4.5 10.6 1665905479.9060602
4.5 11.1 1665905480.9094744
4.5 11.4 1665905481.9130511
4.4 11.9 1665905482.9165714
4.5 12.1 1665905483.920245
4.6 11.8 1665905484.9237914
4.5 11.8 1665905485.9273028
4.5 11.7 1665905486.9308012
4.4 11.4 1665905487.934165
4.4 11.1 1665905488.9373524
4.2 10.9 1665905489.9411604
4.2 10.9 1665905490.9460378
4.2 10.8 1665905491.9498208
4.2 10.6 1665905492.9532278
4.3 10.6 1665905493.956826
4.4 10.9 1665905494.9603765
4.3 10.7 1665905495.9638445
4.3 10.9 1665905496.967209
4.3 10.8 1665905497.9707243
4.3 10.8 1665905498.9741015
4.3 10.8 1665905499.977637
4.3 11.0 1665905500.9811683
4.4 11.2 1665905501.9845197
4.4 11.1 1665905502.9881341
4.5 11.3 1665905503.9918597
4.5 11.8 1665905504.99565
4.6 12.0 1665905505.9990947
4.6 11.8 1665905507.00257
4.6 11.8 1665905508.006182
4.6 11.5 1665905509.009752
4.6 11.1 1665905510.0123737
4.6 10.6 1665905511.0158632
4.6 10.6 1665905512.0186257
4.8 11.0 1665905513.0219061
4.7 11.2 1665905514.0255184
4.7 11.2 1665905515.0293152
4.7 11.3 1665905516.0329485
4.8 11.4 1665905517.0364962
4.8 11.6 1665905518.0400367
4.9 11.7 1665905519.0435221
5.0 11.9 1665905520.047226
4.9 12.0 1665905521.050165
4.8 11.8 1665905522.0535276
4.8 11.9 1665905523.0570652
4.8 11.9 1665905524.0606837
4.9 12.1 1665905525.0637078
4.8 12.2 1665905526.067233
4.8 12.3 1665905527.0707977
4.9 12.9 1665905528.073702
4.9 12.7 1665905529.0772731
4.9 12.8 1665905530.080848
4.8 12.8 1665905531.084475
4.8 13.0 1665905532.0880506
4.8 13.0 1665905533.091643
4.7 12.7 1665905534.0953243
4.6 11.9 1665905535.098929
4.5 11.6 1665905536.1026464
4.5 11.7 1665905537.1061745
4.6 11.8 1665905538.1098118
4.6 12.7 1665905539.1133437
4.6 13.1 1665905540.1168735
4.5 13.2 1665905541.1200213
4.4 13.1 1665905542.123608
4.4 12.6 1665905543.1271489
4.6 13.9 1665905544.1306896
4.6 14.0 1665905545.134233
4.7 14.0 1665905546.1378293
4.9 14.5 1665905547.1414936
4.9 14.4 1665905548.1449404
4.8 14.5 1665905549.1486485
4.9 14.7 1665905550.1522872
4.9 15.0 1665905551.1558855
4.9 14.9 1665905552.1596916
4.9 14.9 1665905553.1632113
4.8 14.7 1665905554.1667373
4.8 14.7 1665905555.170368
4.7 14.5 1665905556.1739063
4.7 14.6 1665905557.1774516
4.7 14.0 1665905558.180985
4.7 14.6 1665905559.184608
4.7 15.1 1665905560.1882145
4.8 15.2 1665905561.191925
4.8 15.4 1665905562.1946435
5.0 15.3 1665905563.1982813
4.9 15.2 1665905564.2019832
4.9 15.1 1665905565.2055984
4.8 15.1 1665905566.2092416
4.9 15.0 1665905567.2129645
4.8 14.8 1665905568.2166207
4.8 14.2 1665905569.2202485
4.9 14.0 1665905570.2237802
4.8 13.8 1665905571.227316
4.9 13.7 1665905572.230822
4.9 13.7 1665905573.2339644
4.7 12.3 1665905574.2375274
4.6 12.5 1665905575.2410758
4.6 12.8 1665905576.2448127
4.4 12.7 1665905577.2485013
4.3 12.5 1665905578.252128
4.4 12.3 1665905579.2557642
4.3 12.2 1665905580.25937
4.3 11.8 1665905581.263104
4.3 11.6 1665905582.2667227
4.3 11.5 1665905583.2702584
4.3 11.5 1665905584.2737935
4.2 11.3 1665905585.2773464
4.3 11.4 1665905586.2806349
4.3 11.1 1665905587.2841961
4.3 11.2 1665905588.2877421
4.3 10.6 1665905589.291332
4.3 10.3 1665905590.2951887
4.2 10.1 1665905591.2988212
4.2 9.6 1665905592.302461
4.0 9.4 1665905593.3061113
4.0 9.5 1665905594.309835
4.0 9.9 1665905595.3134437
4.2 10.1 1665905596.3169768
4.1 10.7 1665905597.3334062
4.3 11.4 1665905598.3369293
4.3 11.1 1665905599.3404498
4.3 11.6 1665905600.3440075
4.3 12.6 1665905601.347549
4.4 13.3 1665905602.3511372
4.3 13.0 1665905603.354923
4.3 12.6 1665905604.3586226
4.3 12.3 1665905605.3622444
4.3 12.0 1665905606.3658662
4.2 11.6 1665905607.3695161
4.3 11.7 1665905608.3732543
4.2 12.0 1665905609.3767986
4.2 12.0 1665905610.3803384
4.2 13.1 1665905611.3838787
4.3 13.6 1665905612.3874235
4.3 14.1 1665905613.3909643
4.3 14.1 1665905614.393737
4.4 14.3 1665905615.397214
4.4 14.3 1665905616.4007556
4.4 14.1 1665905617.4042735
4.3 14.1 1665905618.4078114
4.4 14.2 1665905619.4113922
4.4 14.1 1665905620.4152544
4.5 14.4 1665905621.4188812
4.5 14.5 1665905622.422498
4.6 14.4 1665905623.4263284
4.6 14.4 1665905624.4300303
4.7 14.4 1665905625.4335434
4.7 14.3 1665905626.437072
4.6 14.1 1665905627.440597
4.6 13.6 1665905628.4441352
4.6 14.1 1665905629.4476695
4.5 13.6 1665905630.4511967
4.5 12.5 1665905631.4549434
4.5 11.7 1665905632.4586933
4.4 11.6 1665905633.462321
4.4 11.7 1665905634.465924
4.6 11.6 1665905635.469558
4.6 11.6 1665905636.4731925
4.6 11.9 1665905637.4767728
4.6 12.8 1665905638.4803135
4.6 12.4 1665905639.483687
4.7 12.5 1665905640.4872308
4.6 11.4 1665905641.4907687
4.6 11.2 1665905642.494299
4.6 10.8 1665905643.4978578
4.6 10.7 1665905644.5015936
4.5 10.7 1665905645.5053253
4.5 10.6 1665905646.5089538
4.5 10.6 1665905647.5126188
4.5 10.7 1665905648.51627
4.6 10.8 1665905649.5198927
4.6 10.5 1665905650.523535
4.6 10.5 1665905651.5270681
4.6 10.5 1665905652.5304344
4.5 10.4 1665905653.5338264
4.5 10.7 1665905654.5373518
4.5 10.7 1665905655.5408988
4.6 11.3 1665905656.5444674
4.7 11.0 1665905657.5480077
4.6 11.1 1665905658.5517728
4.5 10.6 1665905659.555439
4.6 11.0 1665905660.5591047
4.6 11.0 1665905661.5627859
4.7 11.6 1665905662.5664618
4.7 11.8 1665905663.570182
4.7 11.6 1665905664.573714
4.6 11.5 1665905665.5772424
4.6 11.8 1665905666.5807803
4.7 11.6 1665905667.5843446
4.6 10.8 1665905668.5878978
4.7 10.9 1665905669.5917695
4.7 11.0 1665905670.5953882
4.7 11.1 1665905671.5990152
4.8 11.6 1665905672.6026871
4.8 12.0 1665905673.6063566
4.8 12.7 1665905674.6099763
4.9 12.9 1665905675.6135952
4.9 13.0 1665905676.6170893
4.9 13.1 1665905677.6206217
5.3 13.9 1665905678.6241832
5.1 13.6 1665905679.6275804
5.1 13.8 1665905680.6311204
5.0 13.6 1665905681.6346662
5.0 13.7 1665905682.6381388
5.1 13.9 1665905683.6420841
5.2 14.2 1665905684.6457043
5.2 14.0 1665905685.6493533
5.1 13.4 1665905686.6530125
5.0 14.1 1665905687.656649
5.0 14.1 1665905688.660306
5.1 14.1 1665905689.663832
5.0 13.7 1665905690.667375
5.1 14.0 1665905691.6709287
5.0 13.6 1665905692.6732497
5.0 14.1 1665905693.6766572
5.2 14.6 1665905694.6802812
5.1 14.6 1665905695.6838903
5.1 14.2 1665905696.6874275
5.1 15.1 1665905697.690974
5.2 15.2 1665905698.6938124
5.1 15.1 1665905699.6973724
5.2 15.2 1665905700.7009077
5.2 15.2 1665905701.7044444
5.1 14.6 1665905702.7079902
5.1 14.1 1665905703.7123396
5.2 13.9 1665905704.7159443
5.2 13.5 1665905705.7195115
5.2 13.8 1665905706.7231307
5.2 13.7 1665905707.7266912
4.9 12.9 1665905708.7303112
5.0 13.2 1665905709.7340317
5.0 13.1 1665905710.7375507
5.0 12.9 1665905711.7410758
4.9 12.5 1665905712.7437892
4.9 12.6 1665905713.7474597
4.8 12.4 1665905714.7509851
4.8 12.5 1665905715.754512
4.9 12.6 1665905716.758132
4.8 11.9 1665905717.76188
4.9 12.0 1665905718.7656207
5.0 12.0 1665905719.769256
5.1 12.7 1665905720.7728722
5.1 12.9 1665905721.7764833
5.1 12.8 1665905722.7800424
5.0 12.2 1665905723.7831736
4.9 11.8 1665905724.7867677
4.9 11.8 1665905725.790388
4.9 11.8 1665905726.7941165
4.9 11.2 1665905727.797653
5.0 14.3 1665905728.801187
5.0 14.2 1665905729.8048024
4.9 14.0 1665905730.8085546
4.8 14.0 1665905731.8122978
4.9 13.8 1665905732.8159456
4.9 13.9 1665905733.8195522
4.9 13.8 1665905734.823008
4.9 14.1 1665905735.8265636
4.9 14.0 1665905736.8301349
4.9 14.3 1665905737.8337545
4.9 14.6 1665905738.8374581
4.7 14.2 1665905739.8409896
4.7 14.3 1665905740.8445208
4.9 14.8 1665905741.84814
5.0 15.3 1665905742.8518958
5.1 15.3 1665905743.8555503
5.0 15.0 1665905744.8583822
4.9 15.1 1665905745.8617778
4.9 14.8 1665905746.8654065
4.9 15.0 1665905747.8691263
4.7 14.7 1665905748.8727798
4.7 14.8 1665905749.8764136
4.6 14.3 1665905750.8799446
4.6 14.1 1665905751.8834949
4.6 14.5 1665905752.8870347
4.7 14.6 1665905753.8906744
4.8 14.6 1665905754.8943565
4.7 14.6 1665905755.897347
4.8 14.9 1665905756.9008117
4.8 15.0 1665905757.904459
4.6 11.7 1665905758.9078264
4.7 12.2 1665905759.910796
4.7 12.2 1665905760.914264
4.9 12.3 1665905761.917926
4.8 12.3 1665905762.9213016
4.8 12.4 1665905763.924643
4.7 12.1 1665905764.927039
4.7 11.9 1665905765.9305627
4.8 11.8 1665905766.9339564
4.7 11.5 1665905767.9374988
4.7 11.7 1665905768.9411106
4.8 11.8 1665905769.9433405
4.8 12.5 1665905770.9468422
4.8 12.9 1665905771.9503918
4.7 12.8 1665905772.953755
4.8 13.0 1665905773.95728
4.9 13.6 1665905774.9607651
5.0 13.4 1665905775.9626746
4.9 13.4 1665905776.9659123
5.0 13.6 1665905777.9693701
5.0 13.6 1665905778.9729297
5.0 13.6 1665905779.976399
5.0 13.4 1665905780.9792008
5.0 13.4 1665905781.982494
4.9 13.0 1665905782.9859378
5.0 13.3 1665905783.9895778
4.9 13.5 1665905784.9931319
5.1 14.1 1665905785.9965727
5.1 14.1 1665905786.9999113
5.0 13.7 1665905788.0034564
5.1 14.2 1665905789.0070364
5.1 13.9 1665905790.0105016
5.1 13.8 1665905791.0128973
5.0 13.9 1665905792.0162241
5.0 13.9 1665905793.0197554
5.0 13.8 1665905794.0230968
5.1 14.0 1665905795.0265827
5.0 13.8 1665905796.0301163
4.9 13.8 1665905797.0326998
4.9 13.8 1665905798.0363834
4.9 13.7 1665905799.0398982
4.9 13.9 1665905800.0434327
4.8 12.8 1665905801.046954
4.8 12.1 1665905802.0505126
4.7 12.1 1665905803.0540423
4.6 11.8 1665905804.0576549
4.6 11.5 1665905805.0612996
4.6 11.7 1665905806.0648954
4.7 11.9 1665905807.0684388
4.7 11.5 1665905808.0720658
4.7 11.8 1665905809.0756853
4.8 11.7 1665905810.0793543
4.7 11.7 1665905811.0831068
4.7 11.7 1665905812.086653
4.7 12.2 1665905813.0901804
4.7 12.0 1665905814.0937092
4.6 11.5 1665905815.0972362
4.6 11.1 1665905816.1003573
4.6 11.1 1665905817.1039035
4.6 11.1 1665905818.1074603
4.6 10.8 1665905819.1110427
4.5 11.0 1665905820.1128855
4.5 11.2 1665905821.1161685
4.5 11.1 1665905822.1198409
4.6 11.1 1665905823.1234486
4.6 11.1 1665905824.1269963
4.6 11.3 1665905825.1305087
4.6 11.6 1665905826.1340203
4.6 11.4 1665905827.1375554
4.5 11.6 1665905828.1411004
4.5 11.3 1665905829.1446662
4.5 11.0 1665905830.1485417
4.7 11.3 1665905831.152163
4.7 11.3 1665905832.1557872
4.8 11.7 1665905833.1593869
4.9 11.6 1665905834.163027
4.8 11.4 1665905835.166736
4.8 11.3 1665905836.1704185
4.8 11.2 1665905837.1739547
4.8 11.9 1665905838.177486
4.9 11.9 1665905839.1810067
4.9 12.2 1665905840.1836612
4.9 12.3 1665905841.1871874
5.0 12.2 1665905842.1907234
4.9 11.8 1665905843.1942358
5.0 12.0 1665905844.1977758
5.1 12.5 1665905845.2013037
5.0 12.2 1665905846.2038457
4.9 12.0 1665905847.207087
4.9 12.1 1665905848.2106369
4.9 12.5 1665905849.2131135
4.8 12.3 1665905850.2166266
4.9 12.2 1665905851.220317
4.9 12.5 1665905852.224008
4.9 13.0 1665905853.2275155
4.9 13.8 1665905854.2310276
4.8 13.5 1665905855.2345421
4.8 13.4 1665905856.238163
5.0 14.6 1665905857.2419071
5.1 14.9 1665905858.2456708
5.1 14.9 1665905859.2492924
5.1 15.1 1665905860.2528934
5.1 15.3 1665905861.2565074
5.0 15.3 1665905862.260067
4.9 14.6 1665905863.2636597
4.9 14.7 1665905864.267116
4.8 14.9 1665905865.2707834
4.8 14.7 1665905866.27429
4.8 15.1 1665905867.2770038
4.7 14.5 1665905868.2806396
4.7 14.3 1665905869.2842653
4.7 14.7 1665905870.286178
4.6 14.6 1665905871.2897305
4.6 14.4 1665905872.2932546
4.6 14.2 1665905873.2967913
4.6 14.6 1665905874.3003175
4.5 14.2 1665905875.3038626
4.5 14.5 1665905876.307447
4.5 14.5 1665905877.3108418
4.5 14.2 1665905878.3145275
4.6 14.0 1665905879.3181581
4.6 14.0 1665905880.3218508
4.6 15.0 1665905881.325618
4.7 14.8 1665905882.329239
4.6 14.3 1665905883.3329825
4.6 13.4 1665905884.3365016
4.6 13.8 1665905885.3400376
4.6 14.1 1665905886.3435767
4.5 13.2 1665905887.3469458
4.5 12.8 1665905888.3504744
4.6 13.2 1665905889.3540084
4.5 13.1 1665905890.3576334
4.5 13.1 1665905891.3613164
4.6 13.4 1665905892.3650517
4.6 13.3 1665905893.3686717
4.7 13.4 1665905894.3722935
4.7 13.5 1665905895.375897
4.7 13.7 1665905896.3796673
4.7 13.2 1665905897.3832283
4.6 13.2 1665905898.3867693
4.6 13.3 1665905899.3902895
4.6 12.9 1665905900.3938215
4.8 13.7 1665905901.3975196
4.7 14.0 1665905902.4004037
4.7 14.4 1665905903.4039705
4.6 14.2 1665905904.4075139
4.7 14.2 1665905905.411128
4.7 14.2 1665905906.4147718
4.8 15.0 1665905907.4184935
4.9 15.1 1665905908.4221375
4.9 15.2 1665905909.4258325
4.9 15.1 1665905910.4295545
4.9 14.3 1665905911.433153
4.8 14.3 1665905912.4366953
4.8 14.2 1665905913.4402204
4.9 14.4 1665905914.4437504
4.9 14.3 1665905915.4473333
4.9 14.1 1665905916.4508834
4.9 13.9 1665905917.4545023
4.8 14.5 1665905918.4581132
4.8 14.3 1665905919.4603958
4.9 14.4 1665905920.463937
4.9 14.5 1665905921.4674957
5.0 14.9 1665905922.470489
5.0 15.3 1665905923.4739192
5.0 15.6 1665905924.476985
5.1 15.5 1665905925.4805198
5.1 15.6 1665905926.4836578
5.1 15.5 1665905927.4872503
5.2 16.0 1665905928.490783
5.2 15.8 1665905929.494304
5.2 15.6 1665905930.4978404
5.0 14.8 1665905931.5015197
5.0 14.4 1665905932.5053945
4.9 14.0 1665905933.5091033
4.9 13.5 1665905934.512716
4.9 13.5 1665905935.5162838
4.8 13.6 1665905936.5198934
4.8 13.1 1665905937.5235603
4.7 13.2 1665905938.5270715
4.7 13.0 1665905939.530627
4.6 13.4 1665905940.5341399
4.6 13.2 1665905941.537693
4.7 13.1 1665905942.5412376
4.7 13.2 1665905943.54397
4.7 13.6 1665905944.5473301
4.7 13.5 1665905945.5507247
4.7 13.3 1665905946.5538406
4.7 13.2 1665905947.5573747
4.7 12.9 1665905948.5594532
4.7 12.7 1665905949.5627537
4.6 12.7 1665905950.5664062
4.4 12.4 1665905951.5699823
4.4 11.7 1665905952.5735266
4.4 11.3 1665905953.5771496
4.2 10.8 1665905954.5808172
4.2 11.0 1665905955.5843432
4.1 10.5 1665905956.5878794
4.1 10.5 1665905957.5916035
4.0 10.1 1665905958.5953443
4.0 10.0 1665905959.5992181
4.0 10.4 1665905960.6028388
4.0 10.8 1665905961.6064403
4.0 10.9 1665905962.6100037
4.2 11.5 1665905963.6135619
4.3 11.6 1665905964.6170404
4.3 11.8 1665905965.6207826
4.3 11.4 1665905966.6243184
4.3 11.5 1665905967.6278741
4.4 11.6 1665905968.631512
4.4 11.7 1665905969.635279
4.5 11.9 1665905970.6390219
4.5 12.0 1665905971.6426606
4.4 11.9 1665905972.6462874
4.4 11.8 1665905973.6498525
4.3 11.3 1665905974.6529193
4.3 11.2 1665905975.6565008
4.3 11.4 1665905976.6600637
4.3 11.5 1665905977.6634455
4.3 11.1 1665905978.6670012
4.2 11.0 1665905979.6706316
4.2 11.2 1665905980.674301
4.3 11.2 1665905981.676987
4.3 11.3 1665905982.6805336
4.4 11.5 1665905983.6841633
4.4 11.5 1665905984.6877697
4.3 11.2 1665905985.6914146
4.3 11.2 1665905986.6951296
4.4 11.3 1665905987.6987884
4.5 11.7 1665905988.7025082
4.5 12.5 1665905989.7061527
4.6 12.0 1665905990.709772
4.5 11.6 1665905991.713326
4.5 12.1 1665905992.7168684
4.5 12.0 1665905993.7204385
4.4 11.9 1665905994.72407
4.4 11.8 1665905995.7261665
4.4 11.8 1665905996.7297602
4.4 11.8 1665905997.7333
4.5 13.1 1665905998.7372007
4.4 13.2 1665905999.74093
4.5 12.8 1665906000.7446015
4.4 12.7 1665906001.748208
4.5 13.2 1665906002.7519765
4.6 13.3 1665906003.755611
4.7 13.8 1665906004.7593534
4.6 13.8 1665906005.7629862
4.7 13.7 1665906006.7665234
4.8 14.0 1665906007.7700782
4.7 13.9 1665906008.773625
4.8 14.2 1665906009.777167
4.8 14.1 1665906010.7807128
4.9 14.1 1665906011.7843816
4.8 14.1 1665906012.7879438
4.7 14.2 1665906013.7915714
4.7 14.2 1665906014.795301
4.7 14.1 1665906015.7981288
4.7 14.6 1665906016.8014462
4.7 14.6 1665906017.8051684
4.6 14.0 1665906018.808829
4.6 13.5 1665906019.8122702
4.7 13.6 1665906047.7332888
4.8 13.9 1665906048.7365108
4.3 13.4 1665906049.7396576
4.4 13.8 1665906050.7437901
4.4 13.9 1665906051.7475903
4.4 13.6 1665906052.7511733
4.4 13.7 1665906053.753696
4.5 13.8 1665906054.7573588
4.5 13.7 1665906055.761142
4.4 12.8 1665906056.764832
4.4 13.5 1665906057.7679596
4.4 13.6 1665906058.7701268
4.5 13.5 1665906059.7735622
4.4 13.4 1665906060.7770412
4.5 13.3 1665906061.78067
4.5 13.6 1665906062.784312
4.6 13.7 1665906063.7880394
4.6 13.7 1665906064.791785
4.8 14.0 1665906065.7955317
4.9 14.3 1665906066.799212
4.9 14.5 1665906067.8021905
4.8 14.3 1665906068.805858
4.8 13.9 1665906069.8092031
4.8 14.6 1665906070.8120239
4.7 14.1 1665906071.8155024
4.8 12.9 1665906072.817761
4.9 13.1 1665906073.8210125
4.8 12.6 1665906074.8244355
4.9 12.8 1665906075.828004
5.0 12.8 1665906076.831918
4.9 12.6 1665906077.83558
4.9 13.1 1665906078.8393085
4.9 13.0 1665906079.8430045
4.8 12.7 1665906080.8467505
4.7 12.2 1665906081.8503344
4.7 12.0 1665906082.8539226
4.7 12.0 1665906083.8573265
4.7 12.4 1665906084.8609016
4.7 12.4 1665906085.8644843
4.8 13.1 1665906086.86824
4.8 12.5 1665906087.8719714
4.7 12.4 1665906088.8753161
4.6 12.1 1665906089.8789942
4.7 12.3 1665906090.8825462
4.6 12.4 1665906091.8860407
4.6 12.3 1665906092.8897078
4.6 12.2 1665906093.8934612
4.6 12.4 1665906094.897075
4.5 12.3 1665906095.9000492
4.4 12.0 1665906096.9036007
4.4 12.1 1665906097.9071703
4.5 12.3 1665906098.910726
4.5 12.3 1665906099.9144044
4.5 12.3 1665906100.917857
4.6 12.7 1665906101.9217246
4.5 12.8 1665906102.9254475
4.4 12.8 1665906103.9291322
4.4 13.4 1665906104.9326184
4.4 13.2 1665906105.936268
4.4 12.9 1665906106.9399338
4.3 13.4 1665906107.9437685
4.4 13.6 1665906108.9471831
4.5 13.6 1665906109.9507732
4.5 14.1 1665906110.9543607
4.4 14.1 1665906111.9579742
4.6 14.5 1665906112.9616868
4.6 14.8 1665906113.96541
4.5 14.4 1665906114.9691126
4.4 14.5 1665906115.9728029
4.3 13.8 1665906116.9763162
4.4 14.0 1665906117.98016
4.4 14.5 1665906118.983782
4.4 14.8 1665906119.9861555
4.4 14.6 1665906120.9899268
4.4 14.3 1665906121.9932022
4.4 14.3 1665906122.9966784
4.4 14.3 1665906124.0009298
4.4 14.2 1665906125.0043883
4.4 14.3 1665906126.007988
4.4 14.3 1665906127.0117908
4.3 14.6 1665906128.0154321
4.4 15.1 1665906129.0189023
4.5 15.4 1665906130.0225756
4.5 15.2 1665906131.026267
4.5 15.1 1665906132.0298913
4.5 15.0 1665906133.0336158
4.7 16.3 1665906134.037198
4.7 16.0 1665906135.040472
4.7 16.0 1665906136.044059
4.7 15.8 1665906137.0471559
4.8 15.5 1665906138.0507247
4.7 14.7 1665906139.0540395
4.6 14.6 1665906140.0574572
4.6 14.0 1665906141.0606914
4.7 14.3 1665906142.0633383
4.6 14.2 1665906143.0670269
4.6 13.8 1665906144.070733
4.7 14.5 1665906145.0742903
4.7 14.7 1665906146.0766084
4.7 14.5 1665906147.0800629
4.7 14.3 1665906148.083706
4.6 13.7 1665906149.0873926
4.7 14.3 1665906150.0909553
4.7 14.4 1665906151.0937498
4.8 14.9 1665906152.0974097
4.8 15.2 1665906153.1010666
4.9 15.6 1665906154.1047537
4.9 15.7 1665906155.1086395
4.8 15.5 1665906156.1123874
4.9 15.9 1665906157.1160915
5.0 15.7 1665906158.119759
4.9 15.2 1665906159.1233602
5.0 15.1 1665906160.126961
5.0 15.1 1665906161.130646
5.0 15.0 1665906162.1343088
5.1 15.4 1665906163.1378615
5.2 16.1 1665906164.141546
5.3 15.6 1665906165.1453547
5.3 16.2 1665906166.1492593
5.3 16.2 1665906167.15301
5.3 16.3 1665906168.1565752
5.4 16.5 1665906169.1601706
5.6 17.4 1665906170.1638725
5.6 17.4 1665906171.167547
5.7 17.4 1665906172.1699457
5.7 17.2 1665906173.1733296
5.7 17.3 1665906174.176935
5.7 16.5 1665906175.180594
5.6 16.5 1665906176.1843505
5.6 16.6 1665906177.1879168
5.6 16.6 1665906178.1917794
5.7 16.7 1665906179.1954818
5.5 15.7 1665906180.1993551
5.5 15.7 1665906181.2029963
5.5 15.6 1665906182.2065537
5.5 15.5 1665906183.2101355
5.4 15.0 1665906184.2138026
5.5 14.8 1665906185.2175593
5.5 15.3 1665906186.2211251
5.4 15.4 1665906187.224798
5.4 15.2 1665906188.2285302
5.3 14.9 1665906189.2323341
5.3 15.1 1665906190.2360158
5.1 14.9 1665906191.2396672
5.1 14.7 1665906192.2432392
5.1 14.4 1665906193.2468228
4.9 12.3 1665906194.2502646
5.0 12.8 1665906195.2539432
4.9 12.4 1665906196.2576118
5.0 12.9 1665906197.2611842
4.9 13.0 1665906198.264853
5.0 13.1 1665906199.2687182
4.8 12.3 1665906200.2725763
4.8 12.7 1665906201.2762601
4.8 12.9 1665906202.2798724
4.8 14.0 1665906203.28346
4.7 13.7 1665906204.2868774
4.7 13.8 1665906205.2905536
4.7 13.8 1665906206.2942169
4.8 13.8 1665906207.2978199
4.8 13.8 1665906208.30127
4.8 13.9 1665906209.30475
4.9 14.3 1665906210.3085809
4.9 14.5 1665906211.3123245
4.9 14.8 1665906212.3158312
5.0 15.0 1665906213.3193524
4.9 14.8 1665906214.3230286
4.9 15.1 1665906215.3266158
4.9 14.7 1665906216.3302057
5.0 14.9 1665906217.3338783
5.1 15.2 1665906218.3375692
5.2 15.3 1665906219.341193
5.1 14.9 1665906220.3448374
Traceback (most recent call last):
  File "/home/pi/Scifair/scifaircode.py", line 9, in <module>
    datum = ser.read()
  File "/usr/lib/python3.10/site-packages/serial/serialposix.py", line 595, in read
    raise SerialException(
serial.serialutil.SerialException: device reports readiness to read but returned no data (device disconnected or multiple access on port?)
